Mean_sol:
- 420.9662820347472
- 420.968448859265
max_fitness: 0.0014131314028418274
mean_fitness: 0.0003302795224435613
mean_time: 0.12634893219986407
median_fitness: 0.00028730320980230317
min_fitness: 2.6350351049586607e-05
q1_fitness: 0.00016658584621609407
q3_fitness: 0.00045014066924409235
std_fitness: 0.00021546829552285477
std_time: 0.024955107440401893
total_runs: 1000
