max_fitness: 118.4409760574473
mean_fitness: 0.11946398421617778
mean_time: 0.02712487099999271
median_fitness: 0.0008369869003104213
min_fitness: 2.8297117751208134e-05
q1_fitness: 0.0003991578357442904
q3_fitness: 0.0014855526808332797
std_fitness: 3.7435270639956895
std_time: 0.0019530698272402958
total_runs: 1000
