best_params:
  alpha: 7.628807082445761
  max_iter: 132
  mu: 0.4962391305583467
  pop_size: 85
best_value: 0.000898172880570924
