best_alpha: 7.628807082445761
best_fit: 0.00014957898406464665
best_max_iter: 132
best_mu: 0.4962391305583467
best_pop_size: 85
best_solution:
- 420.9847621515989
- 420.9417801306113
