max_fitness: 236.87708523672882
mean_fitness: 236.876776177593
mean_time: 0.027959315800413605
median_fitness: 236.87675998670727
min_fitness: 236.87669473972414
q1_fitness: 236.87672601095346
q3_fitness: 236.87680631567437
std_fitness: 6.414900807013412e-05
std_time: 0.0047425583780810925
total_runs: 1000
