best_params:
  alpha: 9.636068599357873
  mu: 0.49429718710507115
best_value: 0.0005693087678234102
