max_fitness: 0.0017228515625902219
mean_fitness: 0.00032242756947619
mean_time: 0.12873930929982452
median_fitness: 0.00028073349784563106
min_fitness: 2.548439624661114e-05
q1_fitness: 0.0001650297523383415
q3_fitness: 0.0004306969617857703
std_fitness: 0.00021246508709824933
std_time: 0.012152827919469313
total_runs: 1000
