max_fitness: 236.87697532956963
mean_fitness: 236.8767859362746
mean_time: 0.03961766099964734
median_fitness: 236.8767735324427
min_fitness: 236.87670300179366
q1_fitness: 236.87673297916416
q3_fitness: 236.87683122382526
std_fitness: 6.206155881089246e-05
std_time: 0.007008320328130107
total_runs: 100
